
Code: 17000.984375 MB
svchost: 15120.73046875 MB
java: 9073.23828125 MB
msedge: 7544.31640625 MB
nbcode64: 7147.375 MB
explorer: 4353.7890625 MB
MsMpEng: 4198.04296875 MB
dwm: 3749.73828125 MB
SearchHost: 3594.79296875 MB
